((("Studies" .
   [2 0 0 0 0 0 0])
  ("Religious" .
   [2 0 0 0 0 0 0 0 0])
  ("defun-prompt-regexp" .
   [0 0 0 0 0 1 0 0 0 0 0 0 0 0 0 0 0 0 0])
  ("complete" .
   [1 0 0 0 0 0 0 0])
  ("auto" .
   [1 0 0 0])
  ("options" .
   [1 0 0 0 0 0 0])
  ("h3" .
   [2 0])
  ("hours" .
   [2 0 0 0 0])
  ("script" .
   [2 0 0 0 0 0])
  ("js" .
   [2 0])
  ("body" .
   [2 0 0 0])
  ("head" .
   [2 0 0 0])
  ("html" .
   [2 0 0 0])
  ("--" .
   [2 0])
  ("table" .
   [1 0 0 0 0])
  ("100%" .
   [1 0 0 0])
  ("href" .
   [1 0 0 0])
  ("png" .
   [1 0 0])
  ("img" .
   [1 0 0])
  ("margin-top" .
   [1 0 0 0 0 0 0 0 0 0])
  ("style" .
   [1 0 0 0 0])
  ("div" .
   [4 0 0])
  ("else" .
   [2 0 0 0])
  ("end" .
   [3 0 0])
  ("nil" .
   [1 0 0])
  ("current_account" .
   [1 0 0 0 0 0 0 0 0 0 0 0 0 0 0])
  ("$option_post" .
   [1 0 0 0 0 0 0 0 0 0 0 0])
  ("TRUE" .
   [2 0 0 0])
  ("$method" .
   [1 0 0 0 0 0 0])
  ("index" .
   [1 0 0 0 0])
  ("item_id" .
   [2 0 0 0 0 0 0])
  ("item_set_zindex" .
   [1 0 0 0 0 0 0 0 0 0 0 0 0 1 0])
  ("item_set_layer" .
   [1 0 0 0 0 0 0 0 0 0 0 0 0 0])
  ("item_send" .
   [1 0 0 0 0 0 0 0 0])
  ("stickable" .
   [2 0 0 0 0 0 0 0 0])
  ("angle" .
   [3 0 0 0 0])
  ("top" .
   [3 0 0])
  ("left" .
   [4 0 0 0])
  ("idx" .
   [1 0 0])
  ("items" .
   [2 0 0 0 0])
  ("flux" .
   [2 0 0 0])
  ("target" .
   [1 0 0 0 0 0])
  ("set" .
   [1 0 0])
  ("helm" .
   [2 0 0 0])
  ("addClass" .
   [1 0 0 0 0 0 0 0])
  ("attr" .
   [3 0 0 0])
  ("make_editable" .
   [1 0 0 0 0 0 0 0 0 0 0 0 0])
  ("remove" .
   [1 0 0 0 0 0])
  ("parent" .
   [1 0 0 0 0 0])
  ("log" .
   [7 0 0])
  ("console" .
   [8 0 0 0 0 0 0])
  ("mode" .
   [1 0 0 0])
  ("if" .
   [3 0])
  ("true" .
   [2 0 0 0])
  ("site" .
   [5 0 0 0])
  ("stiqr" .
   [4 0 0 0 0])
  ("edit" .
   [2 0 0 0])
  ("alert" .
   [4 0 0 0 0])
  ("click" .
   [1 0 0 0 0])
  ("on" .
   [1 0])
  ("false" .
   [4 0 0 0 0])
  ("edit_mode" .
   [6 0 0 0 0 0 0 0 0])
  ("settings" .
   [6 0 0 0 0 0 0 0])
  ("page" .
   [1 0 0 0])
  ("function" .
   [6 0 0 0 0 0 0 0])
  ("height" .
   [4 0 0 0 0 0])
  ("width" .
   [4 0 0 0 0])
  ("css" .
   [21 0 0])
  ("el" .
   [1 0])
  ("src" .
   [2 0 0])
  ("item" .
   [13 0 0 0])
  ("data" .
   [8 0 0 0])
  ("this" .
   [3 0 0 0])
  ("type" .
   [3 0 0 0])
  ("id" .
   [3 0])
  ("var" .
   [5 0 0])
  ("slider" .
   [1 0 0 0 0 0])
  ("size" .
   [1 0 0 0])
  ("text" .
   [1 0 0 0])
  ("tools" .
   [3 0 0 0 0])
  ("Login" .
   [1 0 0 0 0])
  ("phpinfo" .
   [0 0 0 2 0 0 0])
  ("$cmd" .
   [1 0 0 0])
  ("helm-M-x" .
   [4 0 0 0 0 0 0 0])
  ("web" .
   [1 0 0])
  ("calendar" .
   [1 0 0 0 0 0 0 0])
  ("narrow-to-region" .
   [1 0 0 0 0 0 0 0 0 0 0 0 0 0 0 0])
  ("widen" .
   [1 0 0 0 0])
  ("replace-string" .
   [1 0 0 0 0 0 0 0 0 0 0 0 0 0])))
